0 23
1 18
2 4
3 25
4 25
5 17
6 15
7 21
8 6
9 25
10 11
11 17
12 10
13 2
14 14
15 17
16 11
17 4
18 21
19 16
20 23
21 8
22 22
23 8
24 22
25 11
26 18
27 7
28 16
29 11
30 22
31 19
32 5
33 3
34 13
35 1
36 5
37 3
38 8
39 11
40 4
41 23
42 6
43 16
44 22
45 6
46 11
47 14
48 11
49 7
50 22
51 12
52 0
53 17
54 11
55 1
56 24
57 12
58 16
59 7
60 14
61 17
62 18
63 17
64 18
65 17
66 7
67 21
68 20
69 11
70 17
71 9
72 13
73 4
74 19
75 8
76 13
77 12
78 7
79 13
80 4
81 8
82 21
83 9
84 4
85 23
86 5
87 23
88 7
89 7
90 9
91 4
92 4
93 23
94 1
95 14
96 15
97 25
98 3
99 6
101 17
102 22
103 7
104 9
105 24
106 1
107 21
108 17
109 19
110 12
111 15
112 15
113 11
114 11
115 19
116 5
117 23
118 2
119 18
120 7
121 6
122 8
123 9
124 11
125 11
126 7
127 2
128 8
129 3
130 12
131 25
132 7
133 5
134 18
135 20
136 5
137 0
138 10
139 13
140 15
141 9
142 8
143 22
144 23
145 22
146 9
147 11
148 20
149 22
150 3
151 21
152 10
153 21
154 18
155 20
156 14
157 1
158 4
159 12
160 4
161 10
162 15
163 7
164 14
166 22
167 1
168 6
169 12
170 21
171 23
172 0
173 25
174 10
175 21
176 16
177 1
178 2
179 24
180 18
181 18
182 2
183 12
184 2
185 24
186 11
187 10
188 16
189 15
190 13
191 10
192 23
193 14
194 9
195 15
196 5
197 6
198 7
199 13
200 1
201 7
203 13
204 20
205 14
206 6
207 9
208 23
209 13
210 17
211 14
212 9
213 16
214 10
215 6
216 13
217 10
218 8
219 10
220 5
221 16
222 16
223 6
224 17
225 3
226 6
227 3
228 2
229 8
230 20
231 12
232 2
233 3
234 16
235 23
236 23
237 19
238 10
239 11
240 10
241 14
242 2
243 11
244 20
245 24
246 0
247 18
248 9
249 24
250 2
251 22
252 11
253 3
254 25
255 17
256 25
257 0
258 22
259 25
260 4
261 20
262 4
263 15
264 15
265 11
266 6
267 8
268 0
269 8
270 13
271 15
272 22
273 15
274 7
275 24
276 14
277 18
278 20
279 22
280 21
281 7
282 17
283 4
284 5
285 16
286 15
287 3
288 23
289 20
290 25
291 25
292 20
293 7
294 4
295 6
296 16
297 21
298 0
299 21
300 17
301 22
302 22
303 4
304 6
305 7
306 3
307 1
308 8
309 17
310 0
311 6
312 23
313 25
314 19
315 0
316 6
317 16
318 17
319 13
320 19
321 0
322 3
323 6
324 13
325 4
326 8
327 7
328 23
329 15
330 2
331 20
332 0
333 2
334 16
335 12
336 10
337 4
338 1
339 15
340 17
341 3
342 2
343 21
344 23
345 9
346 6
347 13
348 2
349 9
350 23
351 2
352 7
353 14
354 17
355 5
356 22
357 13
358 19
359 18
360 17
361 2
362 10
363 24
364 10
365 4
366 12
367 18
368 16
369 9
370 9
371 12
372 4
373 11
374 0
375 5
376 0
377 24
378 7
379 1
380 18
381 25
382 16
383 22
384 22
385 14
386 6
387 22
388 25
389 11
390 10
391 11
392 18
393 4
396 22
397 15
398 4
399 10
400 5
401 3
402 22
403 25
404 13
405 18
406 21
407 14
408 14
409 9
410 0
411 24
412 3
413 8
414 23
415 12
416 1
417 20
418 9
420 13
421 24
422 25
423 7
424 0
425 8
426 9
427 17
428 25
429 13
430 5
431 20
432 15
433 14
434 3
435 12
436 8
437 5
438 23
439 19
440 17
441 21
442 4
443 3
444 9
445 1
446 16
447 11
448 10
449 2
450 8
451 9
452 25
453 19
454 7
455 20
456 9
457 21
458 19
459 15
460 20
461 25
462 12
463 2
464 15
465 14
466 8
467 5
468 9
469 13
470 4
471 14
472 19
473 8
474 11
475 19
476 14
477 22
478 8
479 7
480 9
481 5
482 16
483 7
484 6
485 4
486 1
487 17
488 5
489 11
490 13
491 8
492 21
493 25
494 10
495 20
496 13
497 4
498 3
499 6
500 5
501 23
502 20
503 8
504 7
505 24
506 14
507 13
508 8
509 3
510 19
511 17
512 17
513 25
514 18
515 3
516 2
517 1
518 6
519 18
520 15
521 23
522 22
523 19
524 16
525 25
526 16
527 12
528 8
529 2
530 14
531 8
532 5
533 9
534 22
535 9
536 23
537 17
538 12
539 0
540 6
541 23
542 16
543 18
544 5
545 0
546 14
547 6
548 21
549 1
550 1
551 21
552 0
553 9
554 14
555 3
556 13
557 17
558 15
559 9
560 10
561 4
562 20
563 14
564 24
565 5
566 9
567 16
568 9
569 10
570 20
571 20
572 2
573 17
574 12
575 9
576 21
577 2
578 18
579 6
580 6
581 3
582 11
583 16
584 21
585 19
586 9
587 1
588 23
589 17
590 13
591 8
592 7
593 7
594 1
595 3
596 10
597 17
598 21
599 1
600 1
601 16
602 21
603 17
604 2
605 7
606 11
607 25
608 5
609 4
610 6
611 1
612 14
613 21
614 16
615 5
616 11
617 20
618 24
619 21
620 6
621 18
622 10
623 9
624 8
625 19
626 13
627 15
628 21
629 21
630 20
631 21
632 16
633 17
634 14
635 23
636 6
637 7
638 9
639 21
640 21
641 9
642 22
643 20
644 7
645 11
646 4
647 9
648 4
649 16
650 7
651 16
652 21
653 13
654 0
655 21
656 2
657 25
658 0
659 24
660 20
661 15
662 5
663 18
664 7
665 14
666 19
667 0
668 2
669 8
670 24
671 22
672 0
673 19
674 16
675 18
676 10
677 23
678 22
679 10
680 20
681 15
682 16
683 17
684 1
685 5
686 15
687 15
688 20
689 13
690 12
691 5
692 19
693 1
694 11
695 14
696 13
697 15
698 15
699 6
700 12
701 14
702 6
703 5
704 21
705 15
706 4
707 6
708 20
709 22
710 5
711 18
712 19
713 8
714 10
715 13
716 5
717 23
718 11
719 0
720 22
721 1
722 13
723 10
724 11
725 4
726 14
727 21
728 4
729 25
730 9
731 25
732 8
733 3
734 12
735 16
736 0
737 25
738 8
739 18
740 5
741 20
742 20
743 13
744 8
745 0
746 7
747 1
748 17
749 21
750 0
751 5
752 12
753 24
754 13
755 4
756 18
757 3
758 2
759 11
760 8
761 15
762 18
763 6
764 17
765 12
766 1
768 10
769 8
770 21
771 20
772 9
773 15
774 13
775 9
776 25
777 22
778 9
779 2
780 20
781 7
782 23
783 11
784 12
785 15
786 1
787 8
788 4
789 6
790 3
791 16
792 10
793 13
794 14
795 0
796 7
797 25
798 9
799 15
800 4
801 17
802 17
803 6
804 5
805 23
806 0
807 10
808 6
809 0
810 15
811 8
812 10
813 25
814 16
815 18
816 0
817 19
818 9
819 10
820 20
821 25
822 22
823 8
824 1
825 22
826 13
827 1
828 14
829 16
831 25
832 10
833 15
834 2
835 8
836 6
837 6
838 25
839 14
840 12
841 19
842 15
843 19
844 14
845 23
846 0
847 2
848 3
849 7
850 1
851 16
852 2
853 18
854 22
855 19
856 19
857 17
858 5
859 9
860 23
861 5
862 20
863 17
864 24
865 14
866 15
867 12
868 21
869 11
870 10
871 13
872 23
873 19
874 15
875 22
876 1
877 22
878 12
879 8
880 14
881 6
882 16
883 4
884 1
885 21
886 25
887 12
888 4
889 8
890 2
891 10
892 23
894 6
895 11
896 6
897 17
898 10
899 11
900 21
901 15
902 6
903 20
904 24
905 8
906 24
907 6
908 7
909 23
910 4
911 1
912 11
913 16
914 19
915 1
916 20
917 0
918 22
919 24
920 12
921 13
922 25
923 2
924 1
925 14
926 12
927 13
928 10
929 24
930 15
931 0
932 19
933 18
934 10
935 5
936 21
937 6
938 1
939 11
940 1
941 14
942 25
943 12
944 15
945 13
946 13
947 23
948 6
949 1
950 18
951 16
952 16
953 10
954 6
955 0
956 12
957 10
958 11
959 13
960 25
961 14
962 1
963 10
964 16
965 22
966 18
967 3
968 24
969 13
970 16
971 10
972 5
973 2
974 7
975 24
976 17
977 13
978 21
980 3
981 6
982 22
983 19
984 19
985 1
986 17
987 14
988 17
989 16
990 17
991 0
992 5
993 5
994 20
995 13
996 24
997 23
998 8
999 8
1000 4
1001 17
1002 19
1003 13
1004 9
1005 5
1006 3
1007 11
1008 9
1009 22
1010 22
1011 15
1012 4
1013 7
1014 25
1015 5
1016 9
1017 24
1018 16
1019 6
1020 16
1021 12
1022 15
1023 1
1024 20
1025 21
1026 13
1027 5
1028 7
1029 18
1030 21
1031 11
1032 23
1033 1
1034 9
1035 21
1036 9
1037 18
1038 9
1039 22
1040 1
1041 0
1042 4
1043 2
1044 17
1045 8
1046 10
1047 22
1048 8
1049 7
1050 0
1051 18
1052 5
1053 9
1054 13
1055 20
1056 16
1057 16
1059 6
1060 25
1061 23
1062 25
1063 20
1064 1
1065 3
1066 23
1067 20
1068 21
1069 6
1070 2
1071 9
1072 1
1073 18
1074 23
1075 6
1076 2
1077 8
1078 15
1079 22
1080 13
1081 22
1082 25
1083 15
1084 22
1085 11
1086 3
1087 22
1088 17
1089 14
1090 4
1091 0
1092 2
1093 5
1094 8
1095 23
1096 5
1097 6
1098 20
1099 7
1100 13
1101 8
1102 13
1103 14
1104 5
1105 17
1106 0
1107 23
1108 15
1109 23
1110 11
1111 4
1112 9
1113 8
1114 22
1115 24
1116 22
1117 24
1118 21
1119 10
1120 21
1121 21
1122 7
1123 24
1124 18
1125 12
1126 2
1127 3
1128 7
1129 11
1130 4
1131 25
1132 22
1133 24
1134 3
1135 15
1136 17
1137 16
1138 22
1139 15
1140 24
1141 10
1142 9
1143 9
1145 12
1146 22
1147 25
1148 15
1149 1
1150 13
1151 17
1152 7
1153 25
1154 10
1155 3
1156 1
1157 10
1158 19
1159 21
1160 18
1161 15
1162 4
1164 13
1165 4
1166 18
1167 25
1168 1
1169 16
1170 8
1171 8
1172 16
1173 2
1174 7
1175 9
1176 24
1177 10
1178 8
1179 15
1180 16
1181 1
1182 25
1183 3
1184 2
1185 6
1186 13
1187 0
1188 2
1189 4
1190 18
1191 25
1192 9
1193 0
1194 14
1195 16
1196 0
1197 19
1198 1
1199 16
1200 10
1201 6
1202 21
1203 18
1204 21
1205 18
1206 14
1207 24
1208 6
1209 0
1210 25
1211 14
1212 0
1213 22
1214 24
1215 23
1216 15
1217 15
1218 17
1219 1
1220 1
1221 18
1222 10
1223 22
1224 12
1225 13
1226 8
1227 24
1228 21
1229 5
1230 4
1231 15
1232 22
1233 15
1234 3
1235 1
1236 1
1237 17
1238 19
1239 2
1240 0
1241 18
1242 18
1243 22
1244 23
1245 17
1246 15
1247 25
1248 6
1249 19
1250 16
1251 10
1252 1
1253 4
1254 15
1255 12
1256 0
1257 13
1258 13
1259 10
1260 23
1261 12
1262 17
1263 13
1264 23
1265 8
1266 2
1267 0
1268 8
1269 13
1270 15
1271 9
1272 20
1273 4
1274 0
1275 0
1276 4
1277 1
1278 6
1279 1
1280 21
1281 24
1282 16
1283 5
1284 20
1285 11
1286 4
1287 4
1288 6
1289 11
1290 10
1291 18
1292 23
1293 18
1294 17
1295 21
1296 19
1297 9
1298 14
1299 5
1300 13
1301 21
1302 5
1303 20
1304 21
1305 20
1306 17
1307 17
1308 22
1309 9
1310 20
1311 1
1312 19
1313 1
1314 19
1315 16
1316 6
1317 23
1318 25
1319 9
1320 24
1321 22
1322 0
1323 8
1324 11
1325 11
1326 19
1327 4
1328 15
1329 11
1330 21
1331 7
1332 7
1333 18
1334 20
1335 17
1336 23
1337 2
1338 3
1339 4
1340 3
1341 11
1342 20
1343 15
1344 17
1345 14
1346 11
1347 14
1348 2
1349 8
1350 23
1351 25
1352 10
1353 14
1354 1
1355 15
1356 5
1357 5
1358 7
1359 18
1360 24
1361 25
1362 18
1363 4
1364 19
1365 10
1366 23
1367 12
1368 7
1369 21
1370 25
1371 21
1372 21
1373 12
1374 10
1375 2
1376 22
1377 17
1378 10
1379 17
1380 18
1381 16
1382 25
1383 2
1384 5
1385 0
1386 16
1387 21
1388 20
1389 13
1390 7
1391 0
1392 21
1393 8
1394 16
1395 20
1396 0
1397 1
1398 20
1399 5
1400 14
1401 14
1402 1
1403 1
1404 17
1405 20
1406 24
1407 4
1408 6
1409 11
1410 7
1411 10
1412 22
1413 10
1414 25
1415 9
1416 3
1417 10
1418 22
1419 24
1420 12
1421 10
1423 20
1424 8
1425 0
1426 9
1427 9
1428 20
1429 6
1430 10
1431 20
1432 3
1433 18
1434 9
1435 15
1436 16
1437 0
1438 10
1439 16
1440 6
1441 22
1442 0
1443 3
1444 9
1445 16
1446 1
1447 7
1448 16
1449 0
1450 1
1451 1
1452 20
1453 14
1454 9
1455 11
1456 2
1457 15
1458 0
1459 7
1460 24
1461 15
1462 25
1463 9
1464 3
1465 23
1466 8
1467 8
1468 3
1469 24
1470 13
1471 9
1472 7
1473 1
1474 12
1475 25
1476 15
1477 2
1478 15
1479 25
1480 3
1481 3
1482 5
1483 23
1484 8
1485 11
1486 9
1487 21
1488 1
1489 23
1490 1
1491 13
1492 19
1493 4
1494 7
1495 16
1496 11
1497 16
1498 14
1499 15
1500 12
1501 18
1502 14
1503 14
1504 18
1505 20
1506 4
1507 5
1508 19
1509 25
1510 15
1511 0
1512 16
1513 8
1514 8
1515 1
1516 8
1517 12
1518 11
1519 20
1520 0
1521 12
1522 13
1523 13
1524 13
1525 6
1526 9
1527 15
1528 23
1529 0
1530 11
1531 23
1532 8
1533 0
1534 12
1535 9
1536 18
1537 12
1538 12
1539 2
1540 16
1541 21
1542 2
1543 11
1544 23
1545 18
1546 12
1547 18
1548 6
1549 19
1550 11
1551 3
1552 8
1553 12
1554 2
1555 23
1556 15
1557 19
1558 7
1559 11
1560 16
1561 2
1562 24
1563 10
1564 4
1565 12
1566 22
1567 0
1568 2
1569 23
1570 19
1571 20
1572 25
1573 23
1574 19
1575 10
1576 18
1577 13
1578 14
1579 19
1580 23
1581 9
1582 6
1583 9
1584 25
1585 22
1586 15
1587 15
1588 2
1589 10
1590 9
1591 3
1592 13
1593 16
1594 17
1595 14
1596 11
1597 9
1598 9
1599 21
1600 23
1601 18
1602 23
1603 6
1604 6
1605 1
1606 12
1607 4
1608 13
1609 16
1610 6
1611 25
1612 18
1613 20
1614 10
1615 2
1616 1
1617 0
1618 24
1619 21
1620 23
1621 4
1622 8
1623 25
1624 18
1625 19
1626 5
1627 18
1628 8
1629 18
1630 2
1631 19
1632 1
1633 20
1634 13
1635 15
1636 2
1637 7
1638 9
1639 13
1640 25
1641 18
1642 12
1643 16
1644 0
1645 10
1647 22
1648 15
1649 22
1650 8
1651 7
1652 2
1653 10
1654 12
1655 1
1656 24
1657 7
1658 15
1659 7
1660 25
1661 12
1662 0
1663 20
1664 14
1665 2
1666 18
1667 11
1668 16
1669 8
1670 13
1671 16
1672 25
1673 23
1674 10
1675 5
1676 22
1677 15
1678 0
1679 23
1680 7
1681 16
1682 16
1683 5
1684 0
1685 2
1686 24
1687 12
1688 24
1689 25
1690 3
1691 20
1692 6
1693 5
1694 17
1695 17
1696 16
1697 2
1698 7
1699 23
1700 19
1701 4
1702 9
1703 20
1704 7
1705 2
1706 5
1707 17
1708 19
1709 23
1710 11
1711 24
1712 13
1713 18
1714 24
1715 23
1716 2
1717 11
1718 8
1719 5
1720 15
1721 0
1722 2
1723 18
1724 6
1725 11
1726 13
1727 0
1728 1
1729 19
1730 20
1731 20
1732 0
1733 15
1734 6
1735 3
1736 8
1737 23
1738 13
1739 14
1740 21
1741 25
1742 0
1743 17
1744 17
1745 4
1746 6
1747 0
1748 9
1749 6
1750 6
1751 17
1752 16
1753 25
1754 10
1755 7
1756 8
1757 8
1758 0
1759 24
1760 2
1761 3
1762 0
1763 25
1764 23
1765 18
1766 9
1767 6
1768 8
1769 5
1770 10
1771 13
1772 24
1773 19
1774 4
1775 1
1776 16
1777 23
1778 0
1779 7
1781 6
1783 20
1784 13
1785 23
1786 17
1787 9
1788 15
1789 8
1790 2
1791 8
1792 6
1793 9
1794 3
1795 22
1796 25
1797 16
1798 21
1799 21
1800 13
1801 11
1802 11
1803 23
1804 23
1805 20
1806 24
1807 22
1808 1
1810 25
1811 22
1812 0
1813 0
1814 5
1815 9
1816 10
1817 1
1818 11
1819 24
1820 5
1821 17
1822 6
1823 16
1824 15
1825 25
1826 19
1827 16
1828 15
1829 20
1830 19
1831 13
1832 16
1833 2
1834 2
1835 14
1836 24
1837 25
1838 23
1839 10
1840 11
1841 4
1842 13
1843 24
1844 19
1845 6
1846 9
1847 4
1848 13
1849 24
1850 19
1851 14
1852 15
1853 13
1854 2
1855 19
1856 5
1857 22
1858 14
1859 3
1860 12
1861 8
1862 6
1863 0
1864 1
1865 10
1866 24
1867 7
1868 23
1869 23
1870 4
1871 3
1872 21
1873 0
1874 2
1875 0
1876 21
1877 21
1878 19
1879 10
1880 21
1881 21
1882 19
1884 10
1885 19
1886 22
1887 23
1888 2
1890 16
1891 9
1892 19
1893 20
1894 8
1895 19
1896 12
1897 18
1898 11
1899 11
1900 13
1901 11
1902 11
1903 6
1904 11
1905 19
1906 21
1907 4
1908 15
1909 11
1910 5
1911 5
1912 18
1913 1
1914 23
1915 15
1916 1
1917 11
1918 4
1919 5
1920 3
1921 12
1922 9
1923 11
1924 18
1925 6
1926 5
1927 21
1928 9
1929 21
1930 15
1931 19
1932 16
1933 5
1934 3
1935 2
1936 22
1937 21
1938 8
1939 3
1940 18
1941 6
1942 17
1943 9
1944 2
1945 24
1946 15
1947 2
1948 7
1949 7
1950 21
1951 0
1952 13
1953 5
1954 15
1955 18
1956 11
1957 0
1958 14
1959 22
1960 12
1961 16
1962 10
1963 23
1964 22
1965 8
1966 13
1967 19
1968 7
1969 10
1970 1
1971 10
1972 20
1973 16
1974 12
1976 7
1977 20
1978 0
1979 3
1980 12
1981 23
1982 2
1983 24
1984 3
1985 6
1986 2
1987 3
1988 15
1989 22
1990 7
1991 24
1992 4
1993 22
1994 6
1995 3
1996 22
1997 20
1998 12
1999 20
2000 23
2001 14
2002 24
2003 4
2004 24
2005 12
2006 12
2007 2
2008 9
2009 12
2010 12
2011 14
2012 11
2013 18
2014 8
2015 24
2016 5
2017 10
2018 2
2019 8
2020 25
2021 13
2022 24
2023 4
2024 11
2025 3
2026 15
2027 2
2028 13
2029 11
2030 0
2031 1
2032 21
2033 17
2034 16
2035 12
2036 17
2037 1
2038 8
2039 18
2040 14
2041 19
2042 1
2043 18
2044 22
2045 7
2046 11
2047 2
2048 0
2049 3
2050 20
2051 12
2052 16
2053 19
2054 0
2055 3
2056 18
2057 13
2058 3
2059 2
2060 10
2061 20
2062 8
2063 4
2064 18
2065 15
2066 25
2067 0
2068 3
2069 14
2070 15
2072 3
2073 23
2074 6
2075 7
2076 11
2077 3
2078 17
2079 21
2080 6
2081 6
2082 12
2083 4
2084 3
2085 16
2086 13
2087 10
2088 14
2089 11
2090 18
2091 8
2092 12
2093 15
2094 8
2095 18
2096 22
2097 17
2098 2
2099 25
2100 2
2101 16
2102 11
2103 2
2104 12
2106 15
2107 13
2108 3
2109 21
2110 12
2111 2
2112 22
2113 18
2114 16
2115 25
2116 1
2117 8
2118 5
2119 19
2120 23
2121 24
2122 23
2123 23
2124 3
2125 18
2126 9
2127 5
2128 3
2129 23
2130 7
2131 0
2132 25
2133 9
2134 5
2135 6
2136 16
2137 22
2138 0
2139 9
2140 10
2141 17
2142 22
2143 19
2144 23
2145 5
2146 8
2147 2
2148 10
2149 15
2150 25
2151 8
2152 16
2153 16
2154 21
2155 7
2156 10
2157 22
2158 11
2159 15
2160 22
2161 15
2162 6
2163 9
2164 14
2165 16
2166 9
2167 9
2168 4
2169 11
2170 7
2171 3
2172 13
2173 11
2174 0
2175 8
2176 10
2178 12
2179 10
2180 14
2181 3
2182 0
2183 6
2184 8
2185 4
2186 6
2187 18
2188 3
2189 11
2190 7
2191 3
2192 0
2193 8
2194 14
2195 6
2196 20
2197 15
2198 2
2199 16
2200 8
2201 5
2202 15
2203 18
2204 0
2205 21
2206 16
2207 21
2208 9
2209 18
2210 12
2211 22
2212 24
2213 6
2214 16
2215 24
2216 2
2217 0
2218 10
2219 6
2220 18
2221 19
2222 11
2223 13
2224 17
2225 4
2226 20
2227 20
2228 10
2229 24
2230 6
2231 2
2232 2
2233 5
2234 19
2235 20
2236 13
2237 22
2238 2
2239 2
2240 4
2241 13
2242 13
2243 4
2244 25
2245 14
2246 6
2247 8
2248 8
2249 10
2250 21
2251 8
2252 7
2253 22
2254 21
2255 8
2256 21
2257 4
2258 9
2259 24
2260 18
2261 12
2262 20
2263 21
2264 4
2265 7
2266 24
2267 8
2268 17
2269 0
2270 7
2271 24
2272 0
2273 8
2274 2
2275 3
2276 0
2277 18
2278 1
2279 9
2280 15
2281 24
2282 23
2283 2
2284 4
2285 10
2286 18
2287 19
2288 20
2289 1
2290 8
2291 21
2292 6
2293 4
2294 10
2295 23
2296 24
2297 21
2298 23
2299 2
2300 22
2301 0
2302 11
2303 18
2304 19
2305 15
2306 23
2307 5
2308 20
2309 13
2310 1
2311 22
2312 1
2313 4
2314 9
2315 2
2316 14
2317 6
2318 18
2319 1
2320 19
2321 3
2322 2
2323 15
2324 25
2325 18
2326 20
2327 17
2328 15
2329 19
2330 2
2331 19
2332 0
2333 19
2334 0
2335 3
2336 8
2337 15
2338 21
2339 14
2340 8
2341 19
2342 21
2343 1
2344 21
2345 4
2346 11
2347 20
2348 4
2349 16
2350 15
2351 24
2352 12
2353 2
2354 0
2355 17
2356 9
2357 17
2358 21
2359 0
2360 5
2361 6
2362 0
2363 4
2364 15
2365 18
2366 17
2367 9
2368 22
2369 21
2370 20
2371 23
2372 4
2373 25
2375 24
2376 24
2377 4
2378 16
2379 5
2380 14
2381 5
2382 9
2383 20
2384 25
2385 14
2386 23
2387 17
2388 8
2389 0
2390 20
2391 25
2392 1
2393 25
2394 1
2395 17
2396 25
2397 3
2398 12
2399 0
2400 20
2401 10
2402 8
2403 9
2404 24
2405 10
2406 14
2407 2
2408 13
2409 16
2410 12
2411 7
2412 21
2413 0
2414 9
2415 21
2416 7
2417 3
2418 5
2419 1
2420 18
2421 25
2422 23
2423 6
2424 12
2425 21
2426 14
2427 21
2428 2
2429 21
2430 13
2431 23
2432 18
2433 12
2434 20
2435 12
2437 25
2438 16
2439 21
2440 13
2441 3
2442 22
2443 14
2444 21
2445 23
2446 13
2447 16
2448 4
2449 3
2450 25
2451 4
2453 12
2454 13
2455 23
2456 9
2457 9
2458 11
2459 24
2460 14
2461 13
2462 23
2463 24
2464 18
2465 11
2466 13
2467 17
2468 8
2469 2
2470 8
2471 12
2472 6
2473 7
2474 8
2475 6
2476 18
2477 0
2478 21
2479 5
2480 25
2481 14
2482 0
2483 6
2484 13
2485 25
2486 25
2487 21
2488 21
2489 13
2490 17
2491 8
2492 8
2493 2
2494 18
2495 22
2496 17
2497 10
2498 21
2499 18
2500 18
2501 22
2502 18
2503 24
2504 7
2505 11
2506 22
2507 4
2508 16
2509 6
2510 19
2511 0
2512 14
2513 3
2514 7
2515 4
2516 22
2517 19
2518 19
2519 4
2520 17
2521 19
2522 23
2523 10
2524 3
2525 2
2526 0
2527 12
2528 10
2529 5
2530 16
2531 8
2532 21
2533 7
2534 17
2535 14
2536 9
2537 18
2538 22
2539 6
2540 10
2541 17
2542 15
2543 11
2544 16
2545 6
2546 1
2547 8
2548 20
2549 5
2550 0
2551 21
2552 21
2553 0
2554 13
2555 11
2556 3
2557 3
2558 1
2559 14
2560 14
2561 10
2562 20
2563 1
2564 6
2565 12
2566 0
2567 11
2568 16
2569 25
2570 21
2571 20
2572 18
2573 9
2574 16
2575 10
2576 9
2577 1
2578 3
2579 20
2580 13
2581 8
2582 19
2583 12
2584 15
2586 23
2587 18
2588 21
2589 7
2590 5
2591 17
2592 17
2593 9
2594 10
2595 5
2596 23
2597 24
2598 2
2599 15
2600 0
2602 13
2603 12
2604 2
2605 8
2606 11
2607 6
2608 0
2609 2
2610 23
2611 19
2612 9
2613 24
2614 21
2615 4
2616 13
2617 7
2618 9
2619 5
2620 20
2621 13
2622 10
2623 0
2624 3
2625 24
2626 18
2627 4
2628 25
2629 9
2630 9
2631 11
2632 2
2633 3
2634 12
2635 6
2636 1
2637 22
2638 6
2639 18
2640 17
2641 13
2642 18
2643 9
2644 19
2645 10
2646 13
2647 7
2648 13
2649 9
2650 21
2651 11
2652 5
2653 18
2654 8
2655 19
2656 6
2657 19
2658 3
2659 1
2660 25
2661 14
2662 2
2663 4
2664 18
2665 1
2666 14
2667 9
2668 8
2669 12
2670 21
2671 9
2672 3
2673 15
2674 7
2675 2
2676 9
2677 17
2678 5
2679 24
2680 13
2681 3
2682 11
2683 25
2684 23
2685 4
2686 0
2687 0
2688 11
2689 7
2690 19
2691 6
2692 1
2693 10
2694 10
2695 13
2696 10
2697 3
2698 5
2699 21
2700 21
2701 6
2702 19
2703 24
2704 11
2705 23
2706 23
2707 19
2708 11
2709 4
2710 10
2711 2
2712 19
2713 8
2714 21
2715 4
2716 9
2717 24
2718 20
2719 2
2720 23
2721 17
2722 14
2723 12
2724 11
2725 15
2726 16
2727 15
2728 0
2729 24
2730 23
2731 7
2732 23
2733 8
2734 17
2735 14
2736 10
2737 1
2738 25
2739 21
2740 21
2741 13
2742 2
2743 21
2744 25
2745 10
2746 14
2747 19
2748 10
2749 13
2750 24
2751 20
2752 15
2753 2
2754 10
2755 10
2756 25
2757 0
2758 24
2759 8
2760 5
2761 19
2762 13
2763 25
2764 16
2765 6
2766 14
2767 8
2768 18
2769 2
2770 24
2771 20
2772 20
2773 10
2774 18
2775 6
2776 3
2777 12
2778 0
2779 20
2780 6
2781 14
2782 5
2783 15
2784 16
2785 21
2786 25
2787 8
2788 20
2789 23
2790 20
2791 2
2792 4
2793 19
2794 24
2795 9
2796 10
2797 12
2798 22
2799 18
2800 10
2801 13
2802 25
2803 15
2804 7
2805 13
2806 8
2807 19
2808 25
2809 24
2810 5
2813 12
2814 9
2815 19
2816 24
2817 23
2818 23
2819 23
2820 24
2821 23
2822 11
2823 2
2824 10
2825 18
2826 2
2827 8
2828 3
2829 15
2830 8
2831 17
2832 16
2833 11
2834 1
2835 24
2836 25
2837 13
2838 9
2839 15
2840 23
2841 15
2842 20
2843 1
2844 15
2845 12
2846 18
2847 12
2848 19
2849 18
2850 3
2851 0
2852 23
2853 3
2854 5
2855 10
2856 25
2857 21
2858 21
2859 16
2860 9
2861 13
2862 13
2863 21
2864 4
2865 5
2866 8
2867 4
2868 8
2869 14
2870 16
2871 22
2872 7
2873 10
2874 7
2875 13
2876 24
2877 10
2878 16
2879 10
2880 10
2881 18
2882 3
2883 22
2884 8
2885 18
2886 21
2887 3
2888 23
2889 14
2890 19
2891 8
2892 23
2893 6
2894 13
2895 11
2896 21
2897 2
2898 17
2899 7
2900 16
2901 22
2902 23
2903 15
2904 7
2905 20
2906 14
2907 24
2909 16
2910 11
2911 15
2912 6
2913 13
2914 18
2915 17
2916 17
2917 5
2918 20
2919 17
2920 23
2921 18
2922 7
2923 24
2924 2
2925 20
2926 7
2927 1
2928 9
2929 1
2930 5
2931 1
2932 2
2933 7
2934 10
2935 25
2936 11
2937 16
2938 21
2939 1
2940 18
2941 18
2942 13
2943 6
2945 1
2946 24
2947 22
2948 4
2949 20
2950 2
2951 20
2952 13
2953 17
2954 8
2955 0
2956 2
2957 3
2958 7
2959 8
2960 25
2961 23
2962 7
2963 0
2964 16
2966 23
2967 5
2968 12
2969 23
2970 11
2971 2
2972 4
2973 22
2974 24
2975 15
2976 7
2977 1
2978 25
2979 10
2980 22
2981 10
2982 9
2983 2
2984 14
2985 23
2986 14
2987 5
2988 13
2989 14
2990 19
2991 13
2992 2
2993 5
2994 14
2995 7
2996 4
2997 15
2998 1
2999 24
3000 1
3001 2
3002 25
3003 5
3004 13
3005 19
3006 11
3007 10
3008 11
3009 10
3010 16
3011 22
3012 22
3013 6
3014 2
3015 3
3016 25
3017 25
3018 16
3019 24
3020 0
3021 23
3022 19
3023 11
3024 18
3025 10
3026 7
3027 15
3028 15
3029 17
3030 6
3031 5
3032 19
3033 10
3034 7
3035 20
3036 18
3037 18
3038 24
3039 25
3040 9
3041 7
3042 12
3043 5
3044 14
3045 0
3046 0
3047 3
3048 8
3049 18
3050 0
3051 23
3052 9
3053 0
3054 19
3055 18
3056 19
3057 14
3058 6
3059 3
3060 15
3061 23
3062 22
3063 5
3064 2
3065 9
3066 25
3067 22
3068 22
3070 8
3071 21
3072 24
3073 18
3074 17
3075 10
3076 19
3077 2
3078 15
3079 25
3080 18
3081 24
3082 2
3083 10
3084 9
3085 4
3086 21
3087 11
3088 2
3090 16
3091 22
3092 18
3093 22
3094 21
3095 14
3096 22
3097 16
3098 6
3099 21
3100 12
3101 24
3102 19
3103 16
3104 13
3105 11
3106 11
3107 24
3108 1
3109 11
3110 12
3111 3
3112 13
3114 1
3115 15
3116 0
3117 13
3118 13
3119 12
3120 8
3121 0
3122 11
3123 19
3124 18
3125 15
3126 3
3127 22
3128 0
3129 22
3130 12
3131 16
3132 14
3133 2
3134 21
3135 7
3136 16
3137 15
3138 12
3139 8
3140 11
3141 1
3142 18
3143 8
3144 25
3145 0
3146 9
3147 7
3148 4
3149 3
3150 3
3151 24
3152 17
3153 18
3154 0
3155 8
3156 6
3157 17
3158 13
3159 13
3160 2
3161 2
3162 8
3163 18
3164 12
3165 21
3166 2
3167 16
3168 14
3169 11
3170 20
3171 14
3172 7
3173 1
3174 25
3175 23
3176 22
3177 14
3178 19
3179 12
3180 10
3181 25
3182 23
3183 4
3184 9
3185 14
3186 3
3187 7
3188 6
3189 16
3190 15
3191 25
3192 22
3193 2
3194 18
3195 0
3196 24
3197 7
3198 2
3199 20
3200 5
3201 13
3202 0
3203 16
3204 12
3205 23
3206 23
3207 11
3208 20
3209 20
3210 14
3211 22
3212 8
3213 16
3214 24
3215 25
3216 16
3217 23
3218 13
3219 2
3220 5
3221 8
3222 1
3223 2
3224 21
3225 8
3226 22
3227 2
3228 9
3229 1
3230 10
3231 7
3232 19
3233 5
3234 14
3235 6
3236 2
3237 25
3238 8
3239 14
3240 17
3241 22
3242 0
3243 17
3244 24
3245 20
3246 21
3247 11
3248 2
3249 24
3250 25
3251 19
3252 22
3253 9
3254 22
3255 16
3256 1
3257 4
3258 5
3259 14
3260 19
3261 8
3262 9
3263 14
3264 14
3265 2
3266 19
3267 5
3268 4
3269 19
3270 4
3271 11
3272 10
3273 0
3274 24
3275 19
3276 25
3277 25
3278 18
3279 15
3280 15
3281 16
3282 20
3283 13
3284 4
3285 24
3286 15
3287 2
3288 20
3289 24
3290 1
3291 18
3292 11
3293 8
3294 22
3295 22
3296 12
3297 0
3298 14
3299 0
3300 23
3301 5
3302 2
3303 16
3304 25
3305 20
3306 23
3307 25
3308 19
3309 5
3310 2
3311 6
3312 2
3313 21
3314 2
3315 9
3316 6
3317 17
3318 14
3319 15
3320 7
3321 22
3322 21
3323 1
3324 18
3325 0
3326 18
3327 10
3328 15
3329 22
3330 20
3331 7
3332 10
3333 20
3334 17
3335 6
3336 1
3337 16
3338 9
3339 8
3340 16
3341 4
3342 8
3343 0
3344 11
3345 6
3346 17
3347 0
3348 1
3349 10
3350 8
3351 22
3352 12
3353 22
3354 6
3355 11
3356 20
3357 22
3358 17
3359 23
3360 1
3361 19
3362 21
3363 17
3364 12
3365 11
3366 16
3367 20
3368 21
3369 23
3370 4
3371 19
3372 1
3373 4
3374 3
3375 13
3376 9
3377 21
3378 2
3379 2
3380 13
3381 14
3382 25
3383 12
3384 25
3385 5
3386 22
3387 25
3388 12
3390 13
3391 0
3392 2
3393 2
3394 5
3395 14
3396 0
3397 23
3398 3
3399 1
3400 15
3401 13
3402 7
3403 8
3404 2
3405 23
3406 11
3407 15
3408 8
3409 1
3410 4
3411 12
3412 0
3413 25
3414 2
3415 4
3416 23
3417 8
3418 25
3419 0
3420 11
3421 13
3422 20
3423 4
3424 8
3425 11
3426 9
3427 24
3428 24
3429 2
3430 6
3431 11
3432 22
3433 15
3434 24
3435 22
3436 24
3437 14
3438 8
3439 8
3440 4
3441 15
3442 25
3443 14
3444 18
3445 13
3446 9
3447 10
3448 1
3449 6
3450 18
3451 13
3452 18
3453 14
3454 9
3455 1
3456 25
3457 14
3458 15
3459 18
3460 11
3461 9
3462 19
3463 15
3464 1
3465 6
3466 16
3467 13
3468 6
3469 9
3470 17
3471 21
3472 18
3473 15
3474 23
3475 14
3476 12
3477 19
3478 3
3479 6
3480 16
3481 19
3482 21
3483 22
3484 6
3485 18
3486 20
3487 13
3488 21
3489 16
3490 9
3491 4
3492 12
3493 10
3494 1
3495 2
3496 5
3497 3
3498 2
3499 2
3500 18
3501 10
3502 0
3503 3
3504 6
3505 1
3506 16
3507 14
3508 11
3509 17
3510 20
3511 16
3512 25
3513 13
3514 11
3515 17
3516 17
3517 13
3518 9
3519 8
3520 8
3521 3
3522 17
3523 2
3524 25
3525 9
3526 18
3527 4
3528 14
3529 4
3530 22
3531 12
3532 25
3533 2
3534 1
3535 16
3536 22
3537 15
3538 17
3539 19
3540 16
3541 14
3542 12
3543 14
3544 10
3545 24
3546 3
3547 15
3548 0
3549 22
3550 16
3551 20
3552 10
3553 22
3554 5
3556 22
3557 18
3558 8
3559 14
3560 19
3561 25
3562 24
3563 11
3564 5
3565 20
3566 11
3567 22
3568 10
3569 19
3570 21
3571 15
3572 8
3573 7
3574 24
3575 0
3576 7
3577 21
3578 19
3579 12
3580 3
3581 20
3582 6
3583 3
3584 18
3585 1
3586 6
3587 6
3588 1
3589 4
3590 24
3591 14
3592 20
3593 10
3594 14
3595 7
3596 20
3597 25
3598 11
3599 11
3600 21
3601 12
3602 22
3603 8
3604 4
3605 8
3606 11
3607 11
3608 10
3609 5
3610 6
3611 20
3612 25
3613 11
3614 21
3615 4
3616 5
3617 1
3618 25
3619 20
3620 7
3621 3
3622 14
3623 14
3624 25
3625 18
3626 13
3627 25
3628 12
3629 14
3630 1
3631 15
3632 7
3633 17
3634 11
3635 5
3636 5
3637 3
3638 22
3639 0
3640 4
3641 24
3642 21
3643 8
3644 20
3645 1
3646 17
3647 13
3648 4
3649 21
3650 22
3651 12
3652 0
3653 11
3654 23
3655 15
3656 11
3657 22
3658 5
3659 19
3660 11
3661 2
3662 16
3663 23
3664 13
3665 9
3666 3
3667 8
3668 2
3669 24
3670 5
3671 19
3672 14
3673 12
3674 5
3675 13
3676 13
3677 11
3678 5
3679 19
3680 4
3681 20
3682 2
3683 6
3684 3
3685 24
3686 22
3687 9
3688 1
3689 4
3690 12
3691 20
3692 13
3693 6
3694 22
3695 5
3696 15
3697 8
3698 8
3699 6
3700 9
3701 22
3702 20
3703 10
3704 15
3705 24
3706 6
3707 6
3708 17
3709 5
3710 21
3711 14
3712 24
3713 25
3714 3
3715 15
3716 11
3717 21
3718 20
3719 13
3720 17
3721 4
3722 0
3723 17
3724 8
3725 8
3726 1
3727 8
3728 10
3729 19
3730 11
3731 0
3732 2
3733 12
3734 7
3735 15
3736 20
3737 25
3738 2
3739 7
3740 6
3741 21
3742 13
3743 3
3744 20
3745 6
3746 5
3747 13
3748 0
3749 13
3750 5
3751 18
3752 20
3753 23
3754 22
3755 6
3756 21
3757 2
3758 10
3759 10
3760 7
3761 10
3762 24
3763 1
3764 1
3765 8
3766 20
3767 12
3768 20
3769 21
3771 1
3772 8
3773 13
3774 18
3775 20
3776 5
3777 21
3778 6
3779 6
3780 11
3781 19
3782 21
3783 7
3784 19
3785 21
3786 23
3787 19
3788 13
3789 14
3790 3
3791 13
3792 3
3793 4
3794 17
3795 23
3796 23
3797 22
3798 20
3799 20
3800 9
3801 14
3802 22
3803 8
3804 4
3805 22
3806 4
3807 15
3808 11
3809 0
3810 18
3811 24
3812 3
3814 21
3815 15
3816 0
3817 24
3818 16
3819 9
3820 25
3821 9
3822 19
3823 18
3824 13
3825 25
3826 4
3827 16
3828 14
3829 2
3830 8
3831 2
3832 5
3833 16
3834 6
3835 10
3836 0
3837 25
3838 5
3839 24
3840 22
3841 12
3842 4
3844 25
3845 4
3846 12
3847 15
3848 8
3849 20
3850 12
3851 12
3852 19
3853 22
3854 3
3855 4
3856 14
3857 15
3858 24
3859 16
3860 4
3862 4
3863 20
3864 19
3865 4
3866 11
3867 17
3868 3
3869 2
3870 7
3871 10
3872 21
3873 25
3874 3
3875 10
3876 10
3877 2
3878 8
3879 18
3880 3
3881 1
3882 4
3883 23
3884 2
3885 21
3886 25
3887 17
3888 13
3889 3
3890 6
3891 17
3892 18
3894 10
3895 4
3896 11
3897 18
3898 24
3899 10
3900 22
3901 5
3902 9
3903 19
3904 21
3905 22
3906 13
3907 21
3908 5
3909 3
3910 7
3911 6
3912 19
3913 11
3914 25
3915 13
3916 4
3917 19
3918 4
3919 15
3920 24
3921 13
3922 25
3923 0
3924 25
3925 9
3926 18
3927 20
3928 13
3929 19
3930 6
3931 17
3932 8
3933 17
3934 18
3935 21
3936 16
3937 15
3938 24
3939 0
3940 18
3941 7
3942 19
3943 1
3944 0
3945 20
3946 19
3947 8
3948 19
3949 22
3950 24
3951 23
3952 5
3953 7
3954 7
3955 9
3956 17
3957 17
3958 20
3959 1
3960 7
3961 6
3962 0
3963 2
3964 16
3965 10
3966 0
3967 5
3968 8
3969 3
3970 13
3971 13
3972 12
3973 13
3974 24
3975 5
3976 10
3977 5
3978 24
3979 1
3980 1
3981 5
3982 16
3983 11
3984 23
3985 16
3986 13
3987 11
3988 25
3989 24
3990 8
3991 24
3992 0
3993 5
3994 2
3995 20
3996 15
3997 13
3998 20
3999 12
4000 16
4001 1
4002 2
4003 14
4004 22
4005 10
4006 1
4007 4
4008 4
4009 20
4010 2
4011 14
4012 22
4013 6
4014 4
4015 4
4016 17
4017 0
4018 4
4019 24
4020 11
4021 21
4022 3
4023 24
4024 22
4025 19
4026 14
4027 8
4028 4
4029 12
4030 2
4031 18
4032 21
4033 9
4034 5
4035 18
4036 18
4037 2
4038 14
4039 7
4040 18
4041 15
4042 7
4043 6
4044 4
4045 11
4046 20
4047 5
4048 4
4049 14
4050 4
4051 22
4052 1
4053 16
4054 10
4055 8
4056 5
4057 15
4058 21
4059 10
4060 0
4061 24
4062 25
4063 22
4064 9
4065 15
4066 13
4067 13
4068 11
4069 3
4070 23
4071 23
4072 0
4073 25
4074 23
4075 9
4076 21
4077 15
4078 17
4079 21
4080 8
4081 4
4082 10
4083 18
4084 15
4085 18
4086 12
4087 11
4088 20
4089 25
4090 4
4091 11
4092 24
4093 19
4094 8
4095 17
4096 21
4097 19
4098 1
4099 1
4100 5
4101 22
4102 19
4103 19
4104 19
4105 24
4106 8
4107 4
4108 4
4109 17
4110 1
4111 5
4112 8
4113 7
4114 24
4115 20
4116 5
4117 18
4118 22
4119 4
4120 6
4121 17
4122 14
4123 9
4124 11
4125 16
4126 14
4127 18
4128 4
4129 4
4130 7
4131 18
4132 10
4133 23
4134 19
4135 23
4136 4
4137 2
4138 16
4139 20
4140 2
4141 25
4142 12
4143 15
4144 10
4145 21
4146 18
4147 21
4148 24
4149 22
4150 25
4151 10
4152 17
4153 25
4154 2
4155 9
4156 16
4157 23
4158 22
4159 12
4160 24
4161 13
4162 7
4163 13
4164 3
4165 23
4166 13
4167 15
4168 17
4169 16
4170 7
4171 4
4172 17
4173 7
4174 17
4175 1
4176 14
4177 2
4178 15
4179 18
4180 22
4181 17
4182 22
4183 17
4184 6
4185 12
4186 22
4187 16
4188 18
4189 2
4190 7
4191 5
4192 1
4193 20
4194 19
4195 20
4196 13
4197 7
4198 0
4199 12
4200 18
4201 3
4202 24
4203 11
4204 11
4206 3
4207 13
4208 20
4209 0
4210 3
4211 13
4212 6
4213 10
4214 9
4215 10
4216 0
4217 1
4218 10
4219 3
4220 5
4221 19
4222 21
4223 5
4224 2
4225 18
4226 22
4227 19
4228 11
4229 16
4230 16
4231 24
4232 9
4233 7
4234 7
4235 5
4236 12
4237 15
4238 24
4239 7
4240 19
4241 11
4242 1
4243 16
4244 2
4245 20
4246 6
4247 3
4249 12
4250 8
4251 24
4252 16
4253 13
4254 23
4255 19
4256 13
4257 9
4258 2
4259 10
4260 10
4261 3
4262 11
4264 17
4265 10
4266 10
4267 23
4268 0
4269 24
4270 12
4271 11
4272 15
4273 6
4274 14
4275 2
4276 7
4277 24
4278 15
4279 1
4280 2
4281 14
4282 15
4283 18
4284 9
4285 14
4286 19
4287 11
4289 15
4290 7
4291 4
4293 22
4294 18
4295 17
4296 19
4297 9
4298 5
4299 6
4300 0
4301 25
4302 11
4303 23
4304 18
4305 14
4306 11
4307 22
4308 2
4309 6
4310 23
4311 16
4312 11
4313 7
4314 20
4315 13
4316 24
4317 22
4318 20
4319 19
4320 8
4321 15
4322 19
4323 0
4324 1
4325 21
4326 7
4327 17
4328 19
4329 4
4330 3
4331 15
4332 11
4333 18
4334 3
4335 3
4336 13
4337 10
4338 12
4339 16
4340 10
4341 3
4342 5
4343 10
4344 14
4345 14
4346 5
4347 0
4348 2
4349 15
4350 21
4351 13
4352 14
4353 16
4354 14
4355 1
4356 8
4357 16
4358 14
4359 21
4360 20
4361 18
4362 15
4363 9
4364 5
4365 17
4366 10
4367 25
4368 12
4369 14
4370 16
4371 16
4372 4
4373 16
4374 20
4375 7
4376 25
4377 23
4378 11
4379 9
4380 12
4381 0
4382 21
4383 1
4384 19
4385 15
4386 18
4387 17
4388 2
4389 19
4390 23
4391 4
4392 25
4393 0
4394 19
4395 11
4396 3
4397 15
4398 24
4399 7
4400 16
4401 4
4402 19
4403 3
4404 12
4405 4
4406 0
4407 3
4408 0
4409 19
4410 11
4411 18
4412 2
4413 13
4414 19
4415 17
4416 5
4417 19
4418 18
4419 6
4420 4
4421 23
4422 21
4423 11
4424 15
4425 19
4426 15
4427 12
4428 2
4429 18
4430 24
4431 10
4432 4
4433 16
4434 21
4435 0
4436 9
